0.000000000000000000e+00,6.470317431597790119e+02,0.000000000000000000e+00,2.030402263563629184e+00,3.495907954831475095e+00,3.346518801979504687e+00,2.397221473314004481e+00,3.135896158309031456e+00,2.853602203534179704e+00,2.410754180255809231e+00,2.873501123872801877e+00,1.952985614608659937e+00,2.445360642065629531e+00,3.614525198516365556e+00,3.422325989905584009e+00,2.330127419157390634e+00,3.338374540746910313e+00,2.617968710858193049e+00,2.137379690804568355e+00,2.394874872044921332e+00,2.050275839575746772e+00,2.837871472556698915e+00,2.477118802492609184e+00,2.358217872556338968e+00,3.526831315501931741e+00,2.958860154403827991e+00,3.336962263273483664e+00,3.447804569583007961e+00,2.818134059148470705e+00,3.243525663976691842e+00,2.935774404230922840e+00,2.194083858447793745e+00,3.194479991041311528e+00,2.643882550289884836e+00,3.539344921968532454e+00,2.917421185015697027e+00,3.175550867380779074e+00,3.556778925489430421e+00,3.459957881435542948e+00,2.407305938521742128e+00,2.645151864583009882e+00,3.401148042033636187e+00,2.566141488789863256e+00,2.151442339882853272e+00,2.974197808238287166e+00,2.006204314423838397e+00,3.672705510884797242e+00,3.403255214776423454e+00,2.950097965092996155e+00,2.301204317602183913e+00,3.576880836750954806e+00,1.886446628334738529e+00,3.783397636446613088e+00,2.339526790097320674e+00,3.297330800361795600e+00,3.786429404175334135e+00,3.404386306931387551e+00,3.115668200164445789e+00,3.407626718098648588e+00,2.852977902582196634e+00,3.390433420639609174e+00,2.949031601669520608e+00,2.901391833718427904e+00,3.396088156194350560e+00,2.795955586531032822e+00,2.487243563272127922e+00,1.937573001324271571e+00,2.643307256881259448e+00,2.169077907765544211e+00,3.485968002983718783e+00,2.902555026090150925e+00,2.140514349849528042e+00,2.214701161802542728e+00,1.931629956728569741e+00,1.939181253305540586e+00,2.518263657057324245e+00,2.289007578303798862e+00,3.363727567054748846e+00,2.772122448716695331e+00,2.318871875297935592e+00,2.620109809946163715e+00,3.744257803527577977e+00
1.000000000000000000e+00,5.978017063087152110e+02,2.030402263563629184e+00,0.000000000000000000e+00,1.825597326669762044e+00,1.676208173817792080e+00,7.269108451522916514e-01,1.465585530147318849e+00,1.183291575372466875e+00,7.404435520940966242e-01,1.203190495711088825e+00,2.826749864469471074e-01,7.750500139039167014e-01,1.944214570354652505e+00,1.752015361743871180e+00,6.598167909956778043e-01,1.668063912585197706e+00,9.476580826964799975e-01,4.670690626428555259e-01,7.245642438832087251e-01,3.799652114140337211e-01,1.167560844394986086e+00,8.068081743308965770e-01,6.879072443946263604e-01,1.856520687340219133e+00,1.288549526242115162e+00,1.666651635111770613e+00,1.777493941421295354e+00,1.147823430986758098e+00,1.573215035814979013e+00,1.265463776069210233e+00,5.237732302860811373e-01,1.524169362879598921e+00,9.735719221281720070e-01,1.869034293806819846e+00,1.247110556853983976e+00,1.505240239219066023e+00,1.886468297327717814e+00,1.789647253273830119e+00,7.369953103600290767e-01,9.748412364212972747e-01,1.730837413871923580e+00,8.958308606281504272e-01,4.811317117211404426e-01,1.303887180076574337e+00,3.358936862621253461e-01,2.002394882723084635e+00,1.732944586614710625e+00,1.279787336931283104e+00,6.308936894404713058e-01,1.906570208589242199e+00,2.161360001730256997e-01,2.113087008284900037e+00,6.692161619356078450e-01,1.627020172200082770e+00,2.116118776013621527e+00,1.734075678769674722e+00,1.445357572002732960e+00,1.737316089936935537e+00,1.182667274420483583e+00,1.720122792477896123e+00,1.278720973507807779e+00,1.231081205556714853e+00,1.725777528032637731e+00,1.125644958369319770e+00,8.169329351104150927e-01,2.672623731625587418e-01,9.729966287195468411e-01,4.987672796038316037e-01,1.815657374822005954e+00,1.232244397928438318e+00,4.702037216878152126e-01,5.443905336408301210e-01,2.613193285668569121e-01,2.688706251438277572e-01,8.479530288956116379e-01,6.186969501420860329e-01,1.693416938893036239e+00,1.101811820554982724e+00,6.485612471362227627e-01,9.497991817844511075e-01,2.073947175365865370e+00
2.000000000000000000e+00,2.407652934645222444e+02,3.495907954831475095e+00,1.825597326669762044e+00,0.000000000000000000e+00,3.141713865085637547e+00,2.192416536420137341e+00,2.931091221415164316e+00,2.648797266640312564e+00,2.205949243361942091e+00,2.668696186978934293e+00,1.748180677714792575e+00,2.240555705171762391e+00,3.409720261622497972e+00,3.217521053011716425e+00,2.125322482263523050e+00,3.133569603853043173e+00,2.413163773964325465e+00,1.932574753910700993e+00,2.190069935151054192e+00,1.845470902681879188e+00,2.633066535662831775e+00,2.272313865598742044e+00,2.153412935662471828e+00,3.322026378608064601e+00,2.754055217509960407e+00,3.132157326379616080e+00,3.242999632689140821e+00,2.613329122254603565e+00,3.038720727082824702e+00,2.730969467337055701e+00,1.989278921553926605e+00,2.989675054147444389e+00,2.439077613396017696e+00,3.334539985074665314e+00,2.712616248121829443e+00,2.970745930486911490e+00,3.351973988595563281e+00,3.255152944541675808e+00,2.202501001627874544e+00,2.440346927689142742e+00,3.196343105139769047e+00,2.361336551895996116e+00,1.946637402988985910e+00,2.769392871344419582e+00,1.801399377529970813e+00,3.467900573990930102e+00,3.198450277882556314e+00,2.745293028199128571e+00,2.096399380708316773e+00,3.372075899857087666e+00,1.681641691440871167e+00,3.578592699552745948e+00,2.134721853203453534e+00,3.092525863467928460e+00,3.581624467281466995e+00,3.199581370037519967e+00,2.910863263270578649e+00,3.202821781204781004e+00,2.648172965688329050e+00,3.185628483745741590e+00,2.744226664775653468e+00,2.696586896824560320e+00,3.191283219300482976e+00,2.591150649637165237e+00,2.282438626378260338e+00,1.732768064430404209e+00,2.438502319987392308e+00,1.964272970871677071e+00,3.281163066089851199e+00,2.697750089196283785e+00,1.935709412955660680e+00,2.009896224908675588e+00,1.726825019834702379e+00,1.734376316411673224e+00,2.313458720163457105e+00,2.084202641409931722e+00,3.158922630160881706e+00,2.567317511822828191e+00,2.114066938404068452e+00,2.415304873052296575e+00,3.539452866633710393e+00
3.000000000000000000e+00,3.889145442616173796e+02,3.346518801979504687e+00,1.676208173817792080e+00,3.141713865085637547e+00,0.000000000000000000e+00,2.043027383568166933e+00,2.781702068563194352e+00,2.499408113788342156e+00,2.056560090509972127e+00,2.519307034126964329e+00,1.598791524862822611e+00,2.091166552319791982e+00,3.260331108770528008e+00,3.068131900159746905e+00,1.975933329411553308e+00,2.984180451001073209e+00,2.263774621112355501e+00,1.783185601058731029e+00,2.040680782299084228e+00,1.696081749829909224e+00,2.483677382810861367e+00,2.122924712746772080e+00,2.004023782810501864e+00,3.172637225756094637e+00,2.604666064657990887e+00,2.982768173527646116e+00,3.093610479837170857e+00,2.463939969402633601e+00,2.889331574230854294e+00,2.581580314485085736e+00,1.839889768701956640e+00,2.840285901295474424e+00,2.289688460544047288e+00,3.185150832222695350e+00,2.563227095269859479e+00,2.821356777634941526e+00,3.202584835743593317e+00,3.105763791689705400e+00,2.053111848775904580e+00,2.290957774837172778e+00,3.046953952287799083e+00,2.211947399044025708e+00,1.797248250137015946e+00,2.620003718492450062e+00,1.652010224678000849e+00,3.318511421138960138e+00,3.049061125030585906e+00,2.595903875347158607e+00,1.947010227856346809e+00,3.222686747005117702e+00,1.532252538588901203e+00,3.429203546700775540e+00,1.985332700351483348e+00,2.943136710615958052e+00,3.432235314429497031e+00,3.050192217185550447e+00,2.761474110418608241e+00,3.053432628352811040e+00,2.498783812836359086e+00,3.036239330893771626e+00,2.594837511923683060e+00,2.547197743972590356e+00,3.041894066448513456e+00,2.441761496785195273e+00,2.133049473526290818e+00,1.583378911578434245e+00,2.289113167135422344e+00,1.814883818019707107e+00,3.131773913237881679e+00,2.548360936344313821e+00,1.786320260103690716e+00,1.860507072056705624e+00,1.577435866982732415e+00,1.584987163559703260e+00,2.164069567311487141e+00,1.934813488557961536e+00,3.009533477308911742e+00,2.417928358970858227e+00,1.964677785552098266e+00,2.265915720200326611e+00,3.390063713781740873e+00
4.000000000000000000e+00,2.695909538964545504e+02,2.397221473314004481e+00,7.269108451522916514e-01,2.192416536420137341e+00,2.043027383568166933e+00,0.000000000000000000e+00,1.832404739897693924e+00,1.550110785122841950e+00,1.107262761844471699e+00,1.570009705461463900e+00,6.494941961973221822e-01,1.141869223654291776e+00,2.311033780105027802e+00,2.118834571494246255e+00,1.026636000746052879e+00,2.034883122335572558e+00,1.314477292446855072e+00,8.338882723932306007e-01,1.091383453633583800e+00,7.467844211644087959e-01,1.534380054145361161e+00,1.173627384081271652e+00,1.054726454145001435e+00,2.223339897090593986e+00,1.655368735992490237e+00,2.033470844862145910e+00,2.144313151171670206e+00,1.514642640737133172e+00,1.940034245565354087e+00,1.632282985819585308e+00,8.905924400364562121e-01,1.890988572629973996e+00,1.340391131878547082e+00,2.235853503557194699e+00,1.613929766604359051e+00,1.872059448969441098e+00,2.253287507078092666e+00,2.156466463024205193e+00,1.103814520110404152e+00,1.341660446171672350e+00,2.097656623622298433e+00,1.262650070378525502e+00,8.479509214715155174e-01,1.670706389826949412e+00,7.027128960125004209e-01,2.369214092473459488e+00,2.099763796365085700e+00,1.646606546681658179e+00,9.977128991908463806e-01,2.273389418339617052e+00,5.829552099234007745e-01,2.479906218035275334e+00,1.036035371685982920e+00,1.993839381950457845e+00,2.482937985763996380e+00,2.100894888520049797e+00,1.812176781753108035e+00,2.104135299687310834e+00,1.549486484170858658e+00,2.086942002228271420e+00,1.645540183258182854e+00,1.597900415307089927e+00,2.092596737783012806e+00,1.492464168119694845e+00,1.183752144860790168e+00,6.340815829129338166e-01,1.339815838469921916e+00,8.655864893542066785e-01,2.182476584572381029e+00,1.599063607678813392e+00,8.370229314381902874e-01,9.112097433912051958e-01,6.281385383172319870e-01,6.356898348942028321e-01,1.214772238645986713e+00,9.855161598924611077e-01,2.060236148643411092e+00,1.468631030305357799e+00,1.015380456886597837e+00,1.316618391534826182e+00,2.440766385116240222e+00
5.000000000000000000e+00,4.261894424071936101e+02,3.135896158309031456e+00,1.465585530147318849e+00,2.931091221415164316e+00,2.781702068563194352e+00,1.832404739897693924e+00,0.000000000000000000e+00,2.288785470117868925e+00,1.845937446839498897e+00,2.308684390456491098e+00,1.388168881192349380e+00,1.880543908649318974e+00,3.049708465100054777e+00,2.857509256489273675e+00,1.765310685741080077e+00,2.773557807330599978e+00,2.053151977441882270e+00,1.572562957388257798e+00,1.830058138628610998e+00,1.485459106159435994e+00,2.273054739140388136e+00,1.912302069076298849e+00,1.793401139140028633e+00,2.962014582085621406e+00,2.394043420987517656e+00,2.772145529857172885e+00,2.882987836166697626e+00,2.253317325732160370e+00,2.678708930560381063e+00,2.370957670814612506e+00,1.629267125031483410e+00,2.629663257625001194e+00,2.079065816873574057e+00,2.974528188552222119e+00,2.352604451599386248e+00,2.610734133964468295e+00,2.991962192073120086e+00,2.895141148019232169e+00,1.842489205105431349e+00,2.080335131166699547e+00,2.836331308617325853e+00,2.001324755373552478e+00,1.586625606466542715e+00,2.409381074821976831e+00,1.441387581007527618e+00,3.107888777468486907e+00,2.838438481360112675e+00,2.385281231676685376e+00,1.736387584185873578e+00,3.012064103334644471e+00,1.321629894918427972e+00,3.218580903030302309e+00,1.774710056681010117e+00,2.732514066945484821e+00,3.221612670759023800e+00,2.839569573515077217e+00,2.550851466748135010e+00,2.842809984682337809e+00,2.288161169165885855e+00,2.825616687223298396e+00,2.384214868253209829e+00,2.336575100302117125e+00,2.831271422778040225e+00,2.231138853114722043e+00,1.922426829855817365e+00,1.372756267907961014e+00,2.078490523464949113e+00,1.604261174349233876e+00,2.921151269567408448e+00,2.337738292673840590e+00,1.575697616433217485e+00,1.649884428386232393e+00,1.366813223312259185e+00,1.374364519889230030e+00,1.953446923641013910e+00,1.724190844887488305e+00,2.798910833638438511e+00,2.207305715300384996e+00,1.754055141881625035e+00,2.055293076529853380e+00,3.179441070111267642e+00
6.000000000000000000e+00,2.317773464843917850e+02,2.853602203534179704e+00,1.183291575372466875e+00,2.648797266640312564e+00,2.499408113788342156e+00,1.550110785122841950e+00,2.288785470117868925e+00,0.000000000000000000e+00,1.563643492064646923e+00,2.026390435681639346e+00,1.105874926417497406e+00,1.598249953874467000e+00,2.767414510325203025e+00,2.575215301714421479e+00,1.483016730966228103e+00,2.491263852555747782e+00,1.770858022667030296e+00,1.290269002613405824e+00,1.547764183853759024e+00,1.203165151384584020e+00,1.990760784365536384e+00,1.630008114301446875e+00,1.511107184365176659e+00,2.679720627310769210e+00,2.111749466212665460e+00,2.489851575082321133e+00,2.600693881391845430e+00,1.971023370957308396e+00,2.396414975785529311e+00,2.088663716039760310e+00,1.346973170256631436e+00,2.347369302850148998e+00,1.796771862098722305e+00,2.692234233777369923e+00,2.070310496824534496e+00,2.328440179189616543e+00,2.709668237298267890e+00,2.612847193244380417e+00,1.560195250330579375e+00,1.798041176391847573e+00,2.554037353842473657e+00,1.719030800598700726e+00,1.304331651691690741e+00,2.127087120047124635e+00,1.159093626232675645e+00,2.825594822693634711e+00,2.556144526585260923e+00,2.102987276901833624e+00,1.454093629411021604e+00,2.729770148559792275e+00,1.039335940143575998e+00,2.936286948255450557e+00,1.492416101906158143e+00,2.450220112170633069e+00,2.939318715984171604e+00,2.557275618740225021e+00,2.268557511973283258e+00,2.560516029907486057e+00,2.005867214391034103e+00,2.543322732448446644e+00,2.101920913478358077e+00,2.054281145527265373e+00,2.548977468003188029e+00,1.948844898339870069e+00,1.640132875080965391e+00,1.090462313133109040e+00,1.796196568690097140e+00,1.321967219574381902e+00,2.638857314792556252e+00,2.055444337898988394e+00,1.293403661658365511e+00,1.367590473611380419e+00,1.084519268537407211e+00,1.092070565114378056e+00,1.671152968866161936e+00,1.441896890112636331e+00,2.516616878863586315e+00,1.925011760525533022e+00,1.471761187106773061e+00,1.772999121755001406e+00,2.897147115336415446e+00
7.000000000000000000e+00,6.464441520169192472e+02,2.410754180255809231e+00,7.404435520940966242e-01,2.205949243361942091e+00,2.056560090509972127e+00,1.107262761844471699e+00,1.845937446839498897e+00,1.563643492064646923e+00,0.000000000000000000e+00,1.583542412403268873e+00,6.630269031391271550e-01,1.155401930596096749e+00,2.324566487046832552e+00,2.132367278436051450e+00,1.040168707687857852e+00,2.048415829277377753e+00,1.328009999388660045e+00,8.474209793350355735e-01,1.104916160575388773e+00,7.603171281062137687e-01,1.547912761087166134e+00,1.187160091023076625e+00,1.068259161086806408e+00,2.236872604032399181e+00,1.668901442934295209e+00,2.047003551803950661e+00,2.157845858113475401e+00,1.528175347678938145e+00,1.953566952507159060e+00,1.645815692761390281e+00,9.041251469782611849e-01,1.904521279571778969e+00,1.353923838820352055e+00,2.249386210498999894e+00,1.627462473546164023e+00,1.885592155911246071e+00,2.266820214019897861e+00,2.169999169966009944e+00,1.117347227052209124e+00,1.355193153113477322e+00,2.111189330564103628e+00,1.276182777320330475e+00,8.614836284133204902e-01,1.684239096768754385e+00,7.162456029543053937e-01,2.382746799415264682e+00,2.113296503306890450e+00,1.660139253623463151e+00,1.011245606132651353e+00,2.286922125281422247e+00,5.964879168652057473e-01,2.493438924977080084e+00,1.049568078627787893e+00,2.007372088892262596e+00,2.496470692705801575e+00,2.114427595461854992e+00,1.825709488694913007e+00,2.117668006629115585e+00,1.563019191112663631e+00,2.100474709170076171e+00,1.659072890199987826e+00,1.611433122248894900e+00,2.106129444724818001e+00,1.505996875061499818e+00,1.197284851802595140e+00,6.476142898547387894e-01,1.353348545411726889e+00,8.791191962960116513e-01,2.196009291514186224e+00,1.612596314620618365e+00,8.505556383799952602e-01,9.247424503330101686e-01,6.416712452590369598e-01,6.492225418360078049e-01,1.228304945587791686e+00,9.990488668342660805e-01,2.073768855585216286e+00,1.482163737247162771e+00,1.028913163828402810e+00,1.330151098476631155e+00,2.454299092058045417e+00
8.000000000000000000e+00,2.408337950879098059e+02,2.873501123872801877e+00,1.203190495711088825e+00,2.668696186978934293e+00,2.519307034126964329e+00,1.570009705461463900e+00,2.308684390456491098e+00,2.026390435681639346e+00,1.583542412403268873e+00,0.000000000000000000e+00,1.125773846756119356e+00,1.618148874213088950e+00,2.787313430663824754e+00,2.595114222053043207e+00,1.502915651304850053e+00,2.511162772894369954e+00,1.790756943005652246e+00,1.310167922952027775e+00,1.567663104192380974e+00,1.223064071723205970e+00,2.010659704704158557e+00,1.649907034640068826e+00,1.531006104703798609e+00,2.699619547649391382e+00,2.131648386551287189e+00,2.509750495420942862e+00,2.620592801730467603e+00,1.990922291295930346e+00,2.416313896124151483e+00,2.108562636378382482e+00,1.366872090595253386e+00,2.367268223188771170e+00,1.816670782437344256e+00,2.712133154115992095e+00,2.090209417163156225e+00,2.348339099528238272e+00,2.729567157636890062e+00,2.632746113583002590e+00,1.580094170669201326e+00,1.817940096730469524e+00,2.573936274181095829e+00,1.738929720937322676e+00,1.324230572030312691e+00,2.146986040385746364e+00,1.178992546571297595e+00,2.845493743032256884e+00,2.576043446923883096e+00,2.122886197240455353e+00,1.473992549749643555e+00,2.749669068898414448e+00,1.059234860482197949e+00,2.956185868594072730e+00,1.512315022244780094e+00,2.470119032509255241e+00,2.959217636322793776e+00,2.577174539078846749e+00,2.288456432311905431e+00,2.580414950246107786e+00,2.025766134729655832e+00,2.563221652787068372e+00,2.121819833816980250e+00,2.074180065865887101e+00,2.568876388341809758e+00,1.968743818678492019e+00,1.660031795419587342e+00,1.110361233471730991e+00,1.816095489028719090e+00,1.341866139913003853e+00,2.658756235131177981e+00,2.075343258237610566e+00,1.313302581996987461e+00,1.387489393950002370e+00,1.104418188876029161e+00,1.111969485453000006e+00,1.691051889204783887e+00,1.461795810451258282e+00,2.536515799202208488e+00,1.944910680864154973e+00,1.491660107445395012e+00,1.792898042093623356e+00,2.917046035675037174e+00
9.000000000000000000e+00,2.494719455377952215e+02,1.952985614608659937e+00,2.826749864469471074e-01,1.748180677714792575e+00,1.598791524862822611e+00,6.494941961973221822e-01,1.388168881192349380e+00,1.105874926417497406e+00,6.630269031391271550e-01,1.125773846756119356e+00,0.000000000000000000e+00,6.976333649489472322e-01,1.866797921399683036e+00,1.674598712788901711e+00,5.824001420407083351e-01,1.590647263630228236e+00,8.702414337415105283e-01,3.896524136878860567e-01,6.471475949282392559e-01,3.025485624590642519e-01,1.090144195440016617e+00,7.293915253759271078e-01,6.104905954396568912e-01,1.779104038385249664e+00,1.211132877287145693e+00,1.589234986156801144e+00,1.700077292466325884e+00,1.070406782031788628e+00,1.495798386860009543e+00,1.188047127114240764e+00,4.463565813311116681e-01,1.446752713924629452e+00,8.961552731732025379e-01,1.791617644851850377e+00,1.169693907899014507e+00,1.427823590264096554e+00,1.809051648372748344e+00,1.712230604318860649e+00,6.595786614050596075e-01,8.974245874663278055e-01,1.653420764916954111e+00,8.184142116731809580e-01,4.037150627661709734e-01,1.226470531121604868e+00,2.584770373071558769e-01,1.924978233768115166e+00,1.655527937659741156e+00,1.202370687976313635e+00,5.534770404855018366e-01,1.829153559634272730e+00,1.387193512180562305e-01,2.035670359329930790e+00,5.917995129806383758e-01,1.549603523245113301e+00,2.038702127058652280e+00,1.656659029814705253e+00,1.367940923047763491e+00,1.659899440981966068e+00,1.105250625465514114e+00,1.642706143522926654e+00,1.201304324552838310e+00,1.153664556601745383e+00,1.648360879077668262e+00,1.048228309414350301e+00,7.395162861554456235e-01,1.898457242075892726e-01,8.955799797645773719e-01,4.213506306488621345e-01,1.738240725867036485e+00,1.154827748973468848e+00,3.927870727328457434e-01,4.669738846858606518e-01,1.839026796118874429e-01,1.914539761888582881e-01,7.705363799406421688e-01,5.412803011871165637e-01,1.616000289938066770e+00,1.024395171600013255e+00,5.711445981812532935e-01,8.723825328294816384e-01,1.996530526410895678e+00
1.000000000000000000e+01,5.893305956629100137e+02,2.445360642065629531e+00,7.750500139039167014e-01,2.240555705171762391e+00,2.091166552319791982e+00,1.141869223654291776e+00,1.880543908649318974e+00,1.598249953874467000e+00,1.155401930596096749e+00,1.618148874213088950e+00,6.976333649489472322e-01,0.000000000000000000e+00,2.359172948856652852e+00,2.166973740245871305e+00,1.074775169497677929e+00,2.083022291087197608e+00,1.362616461198480122e+00,8.820274411448556506e-01,1.139522622385208850e+00,7.949235899160338459e-01,1.582519222896986211e+00,1.221766552832896702e+00,1.102865622896626485e+00,2.271479065842219036e+00,1.703507904744115287e+00,2.081610013613770960e+00,2.192452319923295256e+00,1.562781809488758222e+00,1.988173414316979137e+00,1.680422154571210358e+00,9.387316087880812621e-01,1.939127741381599046e+00,1.388530300630172132e+00,2.283992672308819749e+00,1.662068935355984101e+00,1.920198617721066148e+00,2.301426675829717716e+00,2.204605631775830243e+00,1.151953688862029201e+00,1.389799614923297399e+00,2.145795792373923483e+00,1.310789239130150552e+00,8.960900902231405674e-01,1.718845558578574462e+00,7.508520647641254708e-01,2.417353261225084538e+00,2.147902965116710750e+00,1.694745715433283229e+00,1.045852067942471431e+00,2.321528587091242102e+00,6.310943786750258244e-01,2.528045386786900384e+00,1.084174540437607970e+00,2.041978550702082895e+00,2.531077154515621430e+00,2.149034057271674847e+00,1.860315950504733085e+00,2.152274468438935884e+00,1.597625652922483708e+00,2.135081170979896470e+00,1.693679352009807904e+00,1.646039584058714977e+00,2.140735906534637856e+00,1.540603336871319895e+00,1.231891313612415217e+00,6.822207516645588665e-01,1.387955007221546966e+00,9.137256581058317284e-01,2.230615753324006079e+00,1.647202776430438442e+00,8.851621001898153374e-01,9.593489121428302457e-01,6.762777070688570369e-01,6.838290036458278820e-01,1.262911407397611763e+00,1.033655328644086158e+00,2.108375317395036141e+00,1.516770199056982849e+00,1.063519625638222887e+00,1.364757560286451232e+00,2.488905553867865272e+00
1.100000000000000000e+01,3.519265150331589211e+02,3.614525198516365556e+00,1.944214570354652505e+00,3.409720261622497972e+00,3.260331108770528008e+00,2.311033780105027802e+00,3.049708465100054777e+00,2.767414510325203025e+00,2.324566487046832552e+00,2.787313430663824754e+00,1.866797921399683036e+00,2.359172948856652852e+00,0.000000000000000000e+00,3.336138296696606886e+00,2.243939725948413511e+00,3.252186847537933634e+00,2.531781017649215926e+00,2.051191997595591232e+00,2.308687178835944653e+00,1.964088146366769649e+00,2.751683779347722236e+00,2.390931109283632505e+00,2.272030179347362289e+00,3.440643622292955062e+00,2.872672461194850868e+00,3.250774570064506541e+00,3.361616876374031282e+00,2.731946365939494026e+00,3.157337970767715163e+00,2.849586711021946162e+00,2.107896165238817066e+00,3.108292297832334850e+00,2.557694857080908157e+00,3.453157228759555775e+00,2.831233491806719904e+00,3.089363174171801951e+00,3.470591232280453742e+00,3.373770188226566269e+00,2.321118245312765005e+00,2.558964171374033203e+00,3.314960348824659508e+00,2.479953795580886577e+00,2.065254646673876593e+00,2.888010115029310043e+00,1.920016621214861274e+00,3.586517817675820563e+00,3.317067521567446775e+00,2.863910271884019032e+00,2.215016624393207234e+00,3.490693143541978127e+00,1.800258935125761628e+00,3.697209943237636409e+00,2.253339096888343995e+00,3.211143107152818921e+00,3.700241710966357456e+00,3.318198613722410428e+00,3.029480506955469110e+00,3.321439024889671465e+00,2.766790209373219511e+00,3.304245727430632051e+00,2.862843908460543929e+00,2.815204140509450781e+00,3.309900462985373437e+00,2.709767893322055698e+00,2.401055870063150799e+00,1.851385308115294670e+00,2.557119563672282769e+00,2.082890214556567532e+00,3.399780309774741660e+00,2.816367332881174246e+00,2.054326656640551363e+00,2.128513468593566049e+00,1.845442263519592840e+00,1.852993560096563685e+00,2.432075963848347566e+00,2.202819885094822183e+00,3.277539873845772167e+00,2.685934755507718652e+00,2.232684182088958913e+00,2.533922116737187036e+00,3.658070110318600854e+00
1.200000000000000000e+01,6.913192900698818448e+02,3.422325989905584009e+00,1.752015361743871180e+00,3.217521053011716425e+00,3.068131900159746905e+00,2.118834571494246255e+00,2.857509256489273675e+00,2.575215301714421479e+00,2.132367278436051450e+00,2.595114222053043207e+00,1.674598712788901711e+00,2.166973740245871305e+00,3.336138296696606886e+00,0.000000000000000000e+00,2.051740517337632408e+00,3.059987638927152531e+00,2.339581809038434379e+00,1.858992788984810129e+00,2.116487970225163551e+00,1.771888937755988325e+00,2.559484570736940690e+00,2.198731900672851403e+00,2.079830970736581186e+00,3.248444413682173959e+00,2.680473252584069765e+00,3.058575361453724994e+00,3.169417667763250179e+00,2.539747157328712923e+00,2.965138762156933616e+00,2.657387502411165059e+00,1.915696956628035741e+00,2.916093089221553747e+00,2.365495648470126611e+00,3.260958020148774672e+00,2.639034283195938357e+00,2.897163965561020404e+00,3.278392023669672639e+00,3.181570979615784722e+00,2.128919036701983458e+00,2.366764962763252100e+00,3.122761140213878406e+00,2.287754586970105031e+00,1.873055438063095046e+00,2.695810906418528941e+00,1.727817412604079950e+00,3.394318609065039460e+00,3.124868312956665228e+00,2.671711063273237485e+00,2.022817415782426131e+00,3.298493934931197025e+00,1.608059726514980303e+00,3.505010734626854862e+00,2.061139888277562449e+00,3.018943898542037374e+00,3.508042502355576353e+00,3.125999405111629326e+00,2.837281298344687563e+00,3.129239816278889919e+00,2.574591000762437965e+00,3.112046518819850505e+00,2.670644699849762382e+00,2.623004931898669234e+00,3.117701254374592335e+00,2.517568684711274152e+00,2.208856661452369696e+00,1.659186099504513345e+00,2.364920355061501667e+00,1.890691005945786207e+00,3.207581101163960557e+00,2.624168124270393143e+00,1.862127448029769816e+00,1.936314259982784725e+00,1.653243054908811516e+00,1.660794351485782361e+00,2.239876755237566464e+00,2.010620676484040636e+00,3.085340665234991064e+00,2.493735546896937549e+00,2.040484973478177366e+00,2.341722908126405933e+00,3.465870901707819751e+00
1.300000000000000000e+01,2.500880988713014403e+02,2.330127419157390634e+00,6.598167909956778043e-01,2.125322482263523050e+00,1.975933329411553308e+00,1.026636000746052879e+00,1.765310685741080077e+00,1.483016730966228103e+00,1.040168707687857852e+00,1.502915651304850053e+00,5.824001420407083351e-01,1.074775169497677929e+00,2.243939725948413511e+00,2.051740517337632408e+00,0.000000000000000000e+00,1.967789068178958933e+00,1.247383238290241225e+00,7.667942182366167536e-01,1.024289399476969953e+00,6.796903670077949489e-01,1.467285999988747314e+00,1.106533329924657805e+00,9.876323999883875882e-01,2.156245842933980583e+00,1.588274681835876390e+00,1.966376790705531841e+00,2.077219097015056803e+00,1.447548586580519325e+00,1.872940191408740240e+00,1.565188931662971461e+00,8.234983858798423650e-01,1.823894518473360149e+00,1.273297077721933235e+00,2.168759449400581296e+00,1.546835712447745204e+00,1.804965394812827251e+00,2.186193452921479263e+00,2.089372408867591346e+00,1.036720465953790304e+00,1.274566392015058502e+00,2.030562569465685030e+00,1.195556016221911655e+00,7.808568673149016703e-01,1.603612335670335565e+00,6.356188418558865738e-01,2.302120038316846085e+00,2.032669742208471853e+00,1.579512492525044332e+00,9.306188450342325336e-01,2.206295364183003649e+00,5.158611557667869274e-01,2.412812163878661487e+00,9.689413175293690728e-01,1.926745327793843998e+00,2.415843931607382977e+00,2.033800834363435950e+00,1.745082727596494188e+00,2.037041245530696543e+00,1.482392430014244811e+00,2.019847948071657129e+00,1.578446129101569007e+00,1.530806361150476080e+00,2.025502683626398959e+00,1.425370113963080998e+00,1.116658090704176320e+00,5.669875287563199695e-01,1.272721784313308069e+00,7.984924351975928314e-01,2.115382530415767182e+00,1.531969553522199545e+00,7.699288772815764403e-01,8.441156892345913487e-01,5.610444841606181399e-01,5.685957807375889850e-01,1.147678184489372866e+00,9.184221057358472606e-01,1.993142094486797467e+00,1.401536976148743951e+00,9.482864027299839904e-01,1.249524337378212335e+00,2.373672330959626375e+00
1.400000000000000000e+01,2.348029479208423140e+02,3.338374540746910313e+00,1.668063912585197706e+00,3.133569603853043173e+00,2.984180451001073209e+00,2.034883122335572558e+00,2.773557807330599978e+00,2.491263852555747782e+00,2.048415829277377753e+00,2.511162772894369954e+00,1.590647263630228236e+00,2.083022291087197608e+00,3.252186847537933634e+00,3.059987638927152531e+00,1.967789068178958933e+00,0.000000000000000000e+00,2.255630359879761127e+00,1.775041339826136655e+00,2.032536521066489854e+00,1.687937488597314850e+00,2.475533121578266993e+00,2.114780451514177706e+00,1.995879521577907489e+00,3.164492964523500262e+00,2.596521803425396513e+00,2.974623912295051742e+00,3.085466218604576483e+00,2.455795708170039227e+00,2.881187312998259920e+00,2.573436053252491362e+00,1.831745507469362266e+00,2.832141640062880050e+00,2.281544199311452914e+00,3.177006570990100975e+00,2.555082834037265105e+00,2.813212516402347152e+00,3.194440574510998943e+00,3.097619530457111026e+00,2.044967587543310206e+00,2.282813513604578404e+00,3.038809691055204709e+00,2.203803137811431334e+00,1.789103988904421572e+00,2.611859457259855688e+00,1.643865963445406475e+00,3.310367159906365764e+00,3.040916863797991532e+00,2.587759614114564233e+00,1.938865966623752435e+00,3.214542485772523328e+00,1.524108277356306829e+00,3.421059285468181166e+00,1.977188439118888974e+00,2.934992449383363677e+00,3.424091053196902656e+00,3.042047955952956073e+00,2.753329849186013867e+00,3.045288367120216666e+00,2.490639551603764712e+00,3.028095069661177252e+00,2.586693250691088686e+00,2.539053482739995982e+00,3.033749805215919082e+00,2.433617235552600899e+00,2.124905212293696444e+00,1.575234650345839871e+00,2.280968905902827970e+00,1.806739556787112733e+00,3.123629652005287305e+00,2.540216675111719447e+00,1.778175998871096342e+00,1.852362810824111250e+00,1.569291605750138041e+00,1.576842902327108886e+00,2.155925306078892767e+00,1.926669227325367162e+00,3.001389216076317368e+00,2.409784097738263853e+00,1.956533524319503892e+00,2.257771458967732237e+00,3.381919452549146499e+00
1.500000000000000000e+01,2.991183019739262932e+02,2.617968710858193049e+00,9.476580826964799975e-01,2.413163773964325465e+00,2.263774621112355501e+00,1.314477292446855072e+00,2.053151977441882270e+00,1.770858022667030296e+00,1.328009999388660045e+00,1.790756943005652246e+00,8.702414337415105283e-01,1.362616461198480122e+00,2.531781017649215926e+00,2.339581809038434379e+00,1.247383238290241225e+00,2.255630359879761127e+00,0.000000000000000000e+00,1.054635509937418947e+00,1.312130691177772146e+00,9.675316587085971420e-01,1.755127291689549507e+00,1.394374621625459998e+00,1.275473691689189781e+00,2.444087134634782554e+00,1.876115973536678583e+00,2.254218082406334034e+00,2.365060388715858775e+00,1.735389878281321518e+00,2.160781483109542656e+00,1.853030223363773654e+00,1.111339677580644558e+00,2.111735810174162342e+00,1.561138369422735428e+00,2.456600741101383267e+00,1.834677004148547397e+00,2.092806686513629444e+00,2.474034744622281234e+00,2.377213700568393762e+00,1.324561757654592498e+00,1.562407683715860696e+00,2.318403861166487001e+00,1.483397307922713848e+00,1.068698159015703864e+00,1.891453627371137758e+00,9.234601335566887670e-01,2.589961330017648056e+00,2.320511033909274268e+00,1.867353784225846525e+00,1.218460136735034727e+00,2.494136655883805620e+00,8.037024474675891206e-01,2.700653455579463902e+00,1.256782609230171266e+00,2.214586619494646413e+00,2.703685223308184948e+00,2.321642126064237921e+00,2.032924019297296603e+00,2.324882537231498958e+00,1.770233721715047004e+00,2.307689239772459544e+00,1.866287420802371200e+00,1.818647652851278274e+00,2.313343975327200930e+00,1.713211405663883191e+00,1.404499382404978514e+00,8.548288204571221627e-01,1.560563076014110262e+00,1.086333726898395025e+00,2.403223822116569153e+00,1.819810845223001738e+00,1.057770168982378634e+00,1.131956980935393542e+00,8.488857758614203330e-01,8.564370724383911782e-01,1.435519476190175059e+00,1.206263397436649454e+00,2.280983386187599660e+00,1.689378267849546145e+00,1.236127694430786184e+00,1.537365629079014528e+00,2.661513622660428346e+00
1.600000000000000000e+01,4.542866189078033017e+02,2.137379690804568355e+00,4.670690626428555259e-01,1.932574753910700993e+00,1.783185601058731029e+00,8.338882723932306007e-01,1.572562957388257798e+00,1.290269002613405824e+00,8.474209793350355735e-01,1.310167922952027775e+00,3.896524136878860567e-01,8.820274411448556506e-01,2.051191997595591232e+00,1.858992788984810129e+00,7.667942182366167536e-01,1.775041339826136655e+00,1.054635509937418947e+00,0.000000000000000000e+00,8.315416711241476744e-01,4.869426386549726704e-01,1.274538271635925035e+00,9.137856015718355263e-01,7.948846716355653097e-01,1.963498114581158083e+00,1.395526953483054111e+00,1.773629062352709562e+00,1.884471368662234303e+00,1.254800858227697047e+00,1.680192463055917962e+00,1.372441203310149183e+00,6.307506575270200866e-01,1.631146790120537871e+00,1.080549349369110956e+00,1.976011721047758796e+00,1.354087984094922925e+00,1.612217666460004972e+00,1.993445724568656763e+00,1.896624680514769068e+00,8.439727376009680260e-01,1.081818663662236224e+00,1.837814841112862529e+00,1.002808287869089376e+00,5.881091389620793919e-01,1.410864607317513286e+00,4.428711135030642954e-01,2.109372309964023806e+00,1.839922013855649574e+00,1.386764764172222053e+00,7.378711166814102551e-01,2.013547635830181370e+00,3.231134274139646489e-01,2.220064435525839208e+00,7.761935891765467943e-01,1.733997599441021720e+00,2.223096203254560699e+00,1.841053106010613671e+00,1.552334999243671909e+00,1.844293517177874486e+00,1.289644701661422532e+00,1.827100219718835072e+00,1.385698400748746728e+00,1.338058632797653802e+00,1.832754955273576680e+00,1.232622385610258720e+00,9.239103623513540420e-01,3.742398004034976911e-01,1.079974055960485790e+00,6.057447068447705529e-01,1.922634802062944903e+00,1.339221825169377267e+00,5.771811489287541619e-01,6.513679608817690703e-01,3.682967558077958614e-01,3.758480523847667065e-01,9.549304561365505872e-01,7.256743773830249822e-01,1.800394366133975188e+00,1.208789247795921673e+00,7.555386743771617120e-01,1.056776609025390057e+00,2.180924602606804097e+00
1.700000000000000000e+01,5.007621797146804852e+02,2.394874872044921332e+00,7.245642438832087251e-01,2.190069935151054192e+00,2.040680782299084228e+00,1.091383453633583800e+00,1.830058138628610998e+00,1.547764183853759024e+00,1.104916160575388773e+00,1.567663104192380974e+00,6.471475949282392559e-01,1.139522622385208850e+00,2.308687178835944653e+00,2.116487970225163551e+00,1.024289399476969953e+00,2.032536521066489854e+00,1.312130691177772146e+00,8.315416711241476744e-01,0.000000000000000000e+00,7.444378198953258696e-01,1.532033452876278234e+00,1.171280782812188725e+00,1.052379852875918509e+00,2.220993295821511282e+00,1.653022134723407310e+00,2.031124243593062761e+00,2.141966549902587502e+00,1.512296039468050246e+00,1.937687644296271161e+00,1.629936384550502382e+00,8.882458387673732858e-01,1.888641971360891070e+00,1.338044530609464156e+00,2.233506902288111995e+00,1.611583165335276124e+00,1.869712847700358171e+00,2.250940905809009962e+00,2.154119861755122045e+00,1.101467918841321225e+00,1.339313844902589423e+00,2.095310022353215729e+00,1.260303469109442576e+00,8.456043202024325911e-01,1.668359788557866485e+00,7.003662947434174946e-01,2.366867491204376783e+00,2.097417195096002551e+00,1.644259945412575252e+00,9.953662979217634543e-01,2.271042817070534348e+00,5.806086086543178482e-01,2.477559616766192185e+00,1.033688770416899994e+00,1.991492780681374919e+00,2.480591384494913676e+00,2.098548287250967093e+00,1.809830180484025108e+00,2.101788698418227685e+00,1.547139882901775731e+00,2.084595400959188272e+00,1.643193581989099927e+00,1.595553814038007001e+00,2.090250136513930102e+00,1.490117566850611919e+00,1.181405543591707241e+00,6.317349816438508903e-01,1.337469237200838990e+00,8.632398880851237521e-01,2.180129983303298324e+00,1.596717006409730466e+00,8.346763301691073611e-01,9.088631421221222695e-01,6.257919370481490606e-01,6.333432336251199057e-01,1.212425637376903786e+00,9.831695586233781814e-01,2.057889547374328387e+00,1.466284429036274872e+00,1.013033855617514911e+00,1.314271790265743256e+00,2.438419783847157518e+00
1.800000000000000000e+01,2.468796647069121946e+02,2.050275839575746772e+00,3.799652114140337211e-01,1.845470902681879188e+00,1.696081749829909224e+00,7.467844211644087959e-01,1.485459106159435994e+00,1.203165151384584020e+00,7.603171281062137687e-01,1.223064071723205970e+00,3.025485624590642519e-01,7.949235899160338459e-01,1.964088146366769649e+00,1.771888937755988325e+00,6.796903670077949489e-01,1.687937488597314850e+00,9.675316587085971420e-01,4.869426386549726704e-01,7.444378198953258696e-01,0.000000000000000000e+00,1.187434420407103230e+00,8.266817503430137215e-01,7.077808204067435049e-01,1.876394263352336278e+00,1.308423102254232306e+00,1.686525211123887757e+00,1.797367517433412498e+00,1.167697006998875242e+00,1.593088611827096157e+00,1.285337352081327378e+00,5.436468062981982818e-01,1.544042938891716066e+00,9.934454981402891516e-01,1.888907869818936991e+00,1.266984132866101120e+00,1.525113815231183167e+00,1.906341873339834958e+00,1.809520829285947263e+00,7.568688863721462212e-01,9.947148124334144192e-01,1.750710989884040725e+00,9.157044366402675717e-01,5.010052877332575871e-01,1.323760756088691481e+00,3.557672622742424906e-01,2.022268458735201779e+00,1.752818162626827769e+00,1.299660912943400248e+00,6.507672654525884504e-01,1.926443784601359344e+00,2.360095761851428442e-01,2.132960584297017625e+00,6.890897379477249896e-01,1.646893748212199915e+00,2.135992352025738672e+00,1.753949254781791867e+00,1.465231148014850104e+00,1.757189665949052682e+00,1.202540850432600728e+00,1.739996368490013268e+00,1.298594549519924923e+00,1.250954781568831997e+00,1.745651104044754875e+00,1.145518534381436915e+00,8.368065111225322372e-01,2.871359491746758863e-01,9.928702047316639856e-01,5.186408556159487482e-01,1.835530950834123098e+00,1.252117973940555462e+00,4.900772976999323571e-01,5.642641096529472655e-01,2.811929045789740567e-01,2.887442011559449018e-01,8.678266049077287825e-01,6.385705261542031774e-01,1.713290514905153383e+00,1.121685396567099868e+00,6.684348231483399072e-01,9.696727577965682521e-01,2.093820751377982070e+00
